193 260
-192 260
-261 467
-477 467
-112 -561
122 -561
478 468
260 468
193 260
==
135 84
1 -318
-133 84
135 84
###
412 172
395 271
340 366
294 408
229 441
147 462
51 469
-412 469
-412 -561
47 -561
136 -554
212 -533
273 -501
316 -460
367 -374
383 -291
375 -229
351 -175
242 -79
317 -26
370 33
402 99
413 171
==
-199 -385
-199 -152
31 -152
96 -159
143 -181
171 -217
180 -268
171 -319
143 -356
96 -378
31 -385
-199 -385
==
-199 24
-199 291
54 291
121 283
170 258
199 217
209 159
199 100
170 58
121 33
52 25
-201 25
###
246 -196
218 -276
171 -334
108 -369
26 -380
-86 -356
-170 -284
-223 -169
-241 -17
-224 133
-173 246
-90 317
19 339
108 326
177 286
224 221
246 133
452 133
441 217
415 292
376 357
324 414
260 459
187 491
13 517
-88 508
-179 481
-258 436
-327 373
-382 294
-421 202
-444 97
-452 -21
-444 -139
-420 -244
-380 -336
-324 -415
-255 -479
-175 -524
-83 -551
20 -560
185 -536
317 -463
369 -410
408 -348
448 -196
246 -196
###
-426 468
-426 -561
-24 -561
84 -554
171 -533
242 -496
301 -442
356 -361
395 -268
419 -163
427 -46
419 72
395 177
356 269
301 349
243 401
170 439
81 461
-23 469
-425 469
==
-213 293
-23 293
81 272
156 209
201 104
216 -44
201 -192
156 -298
81 -362
-23 -383
-213 -383
-213 293
###
-173 25
-173 292
384 292
384 468
-385 468
-385 -561
359 -561
359 -385
-173 -385
-173 -152
319 -152
319 24
-173 24
###
-150 25
-150 468
-362 468
-362 -561
360 -561
360 -385
-151 -385
-151 -152
299 -152
299 24
-151 24
###
273 -215
237 -288
183 -339
114 -370
27 -380
-93 -356
-185 -285
-242 -172
-261 -24
-241 120
-180 236
-85 312
32 337
77 333
141 313
209 273
264 207
294 108
60 108
60 -68
472 -68
472 488
345 488
320 352
257 426
187 478
106 507
9 517
-91 508
-182 479
-264 431
-337 365
-396 283
-438 192
-463 90
-471 -22
-462 -136
-436 -239
-393 -331
-333 -411
-259 -476
-174 -523
-79 -551
27 -560
197 -537
334 -467
429 -357
474 -214
275 -214
###
204 1
-204 1
-204 468
-416 468
-416 -561
-204 -561
-204 -176
202 -176
202 -561
415 -561
415 468
204 468
204 1
###
106 -561
106 468
-106 468
-106 -561
106 -561
###
-4 500
-116 486
-217 440
-262 398
-296 342
-318 271
-326 188
-326 87
-114 87
-114 186
-107 247
-87 289
-52 312
0 320
49 312
85 289
107 251
114 200
114 -561
326 -561
326 200
304 327
240 423
136 481
-4 500
###
-242 124
-242 468
-454 468
-454 -561
-242 -561
-242 -109
160 -561
410 -561
-1 -118
453 468
201 468
-136 14
-242 124
###
-140 -561
-140 291
352 291
352 468
-352 468
-352 -561
-140 -561
###
-289 -334
-289 468
-501 468
-501 -561
-185 -561
1 258
182 -561
501 -561
501 468
289 468
289 -334
107 468
-105 468
-290 -334
###
207 468
-207 -243
-207 468
-418 468
-418 -561
-201 -561
207 139
207 -561
418 -561
418 468
207 468
###
-360 366
-419 285
-461 194
-487 91
-495 -22
-487 -135
-462 -237
-420 -329
-361 -410
-287 -476
-203 -523
-108 -551
-2 -560
104 -551
199 -523
283 -476
357 -410
417 -329
460 -236
486 -131
494 -14
486 96
461 196
419 285
360 366
287 432
203 479
107 508
0 517
-107 508
-202 479
-286 432
-360 366
==
0 -380
-116 -355
-206 -281
-264 -167
-283 -21
-264 125
-206 240
-116 313
0 336
115 312
205 239
264 127
284 -16
264 -166
206 -282
116 -356
0 -380
###
-181 101
-181 468
-393 468
-393 -561
61 -561
203 -541
307 -480
372 -380
394 -243
373 -102
309 7
210 77
83 100
-181 100
==
-181 -76
16 -76
88 -85
140 -114
171 -162
181 -229
171 -298
140 -346
90 -375
16 -384
-182 -384
-182 -75
###
0 -561
107 -551
203 -522
287 -474
360 -407
419 -326
461 -235
486 -134
495 -25
488 78
464 178
429 267
382 339
495 447
388 561
267 447
141 500
0 517
-106 508
-201 479
-286 432
-360 366
-419 285
-461 193
-487 91
-495 -22
-487 -134
-462 -236
-420 -327
-361 -408
-287 -475
-202 -523
-107 -552
0 -561
==
121 92
237 202
272 100
284 -20
264 -168
206 -282
116 -356
0 -380
-116 -355
-206 -281
-264 -167
-283 -21
-264 125
-206 240
-116 313
-1 337
66 330
123 310
14 207
121 92
###
162 291
163 225
164 183
157 127
133 90
93 67
33 60
-210 60
-210 468
-422 468
-422 -561
130 -561
203 -554
265 -534
315 -503
351 -463
393 -374
406 -282
395 -196
362 -125
308 -69
232 -28
288 -3
325 27
350 65
363 127
371 216
374 346
385 397
419 431
419 468
194 468
167 397
162 291
==
196 -254
187 -320
159 -359
112 -379
46 -386
-209 -386
-209 -118
46 -118
111 -125
157 -145
186 -186
196 -255
###
387 -231
190 -231
172 -301
130 -351
64 -381
-26 -391
-99 -382
-155 -356
-191 -316
-203 -264
-193 -215
-162 -180
-8 -131
153 -100
276 -62
360 -4
408 77
424 184
417 258
396 324
361 381
313 430
179 495
2 517
-174 495
-306 430
-354 381
-389 323
-424 177
-218 177
-199 250
-153 304
-82 337
13 348
99 339
164 311
207 267
221 210
210 154
177 114
118 83
28 60
-116 32
-250 -6
-339 -61
-389 -139
-406 -245
-381 -379
-349 -433
-305 -478
-182 -540
-18 -561
85 -554
192 -524
289 -468
357 -372
378 -306
385 -230
###
111 -384
111 468
-101 468
-101 -384
-413 -384
-413 -560
411 -560
411 -384
110 -384
###
109 490
0 500
-110 490
-219 455
-315 390
-382 286
-408 136
-408 -561
-196 -561
-196 136
-184 216
-147 273
-86 307
0 320
86 308
147 274
184 216
196 136
196 -561
408 -561
408 136
381 286
315 390
217 455
109 490
###
87 468
-92 468
-440 -561
-227 -561
2 214
226 -561
440 -561
87 468
###
363 468
173 468
1 -335
-167 468
-358 468
-648 -561
-424 -561
-265 209
-106 -561
103 -561
269 211
423 -561
647 -561
363 468
###
115 -57
445 468
194 468
-4 111
-200 468
-445 468
-121 -50
-434 -561
-183 -561
-2 -222
187 -561
432 -561
115 -57
###
114 87
114 468
-98 468
-98 87
-440 -561
-204 -561
6 -107
202 -561
439 -561
113 87
###
387 -561
387 -385
-138 291
387 291
387 467
-386 467
-386 291
140 -385
-386 -385
-386 -561
387 -561
