672 1325
620 1530
439 1420
352 1614
193 1474
75 1650
-59 1486
-205 1640
-310 1455
-480 1582
-551 1382
-740 1478
-777 1270
-979 1333
-980 1120
-1190 1148
-1155 939
-1367 931
-1297 731
-1505 687
-1402 502
-1599 423
-1467 258
-1648 147
-1489 7
-1649 -133
-1469 -245
-1603 -409
-1407 -489
-1511 -674
-1304 -719
-1375 -919
-1163 -929
-1200 -1138
-990 -1111
-991 -1324
-788 -1262
-753 -1471
-563 -1377
-493 -1577
-322 -1452
-220 -1637
-72 -1485
60 -1650
180 -1475
338 -1616
427 -1423
607 -1535
661 -1330
857 -1410
876 -1199
1083 -1244
1066 -1033
1278 -1043
1225 -837
1436 -811
1349 -618
1552 -557
1434 -380
1624 -286
1478 -132
1649 -7
1479 120
1627 272
1438 369
1557 544
1355 607
1443 800
1233 827
1287 1032
1075 1024
1094 1236
886 1192
869 1403
==
-267 -1213
-378 -1183
-484 -1144
-585 -1096
-681 -1039
-771 -974
-854 -902
-931 -823
-1000 -737
-1062 -645
-1115 -548
-1160 -446
-1195 -340
-1222 -230
-1237 -116
-1243 0
-1237 116
-1222 230
-1195 340
-1160 446
-1115 548
-1062 645
-1000 737
-931 823
-854 902
-771 974
-681 1039
-585 1096
-484 1144
-378 1183
-267 1213
-153 1233
-153 -1233
==
153 1233
267 1213
378 1183
484 1144
585 1096
681 1039
771 974
854 902
931 823
1000 737
1062 645
1115 548
1160 446
1195 340
1221 230
1237 116
1243 0
1238 -116
1222 -230
1196 -340
1160 -447
1115 -549
1062 -646
1001 -737
931 -823
855 -902
771 -975
681 -1040
586 -1096
484 -1145
378 -1184
267 -1214
153 -1233
